{
    "P1": {
        "type_id": "opencv-matrix",
        "rows": 3,
        "cols": 4,
        "dt": "d",
        "data": [ 9.9640068207290187e+02, 0.0, 3.7502582168579102e+02,
            0.0, 0.0, 9.9640068207290187e+02, 2.4026374816894531e+02,
            0.0, 0.0, 0.0, 1.0, 0.0 ]
    },
    "P2": {
        "type_id": "opencv-matrix",
        "rows": 3,
        "cols": 4,
        "dt": "d",
        "data": [ 9.9640068207290187e+02, 0.0, 3.7502582168579102e+02,
            -5.4301732344712009e+03, 0.0, 9.9640068207290187e+02,
            2.4026374816894531e+02, 0.0, 0.0, 0.0, 1.0, 0.0 ]
    },
    "Q": {
        "type_id": "opencv-matrix",
        "rows": 4,
        "cols": 4,
        "dt": "d",
        "data": [ 1.0, 0.0, 0.0, -3.7502582168579102e+02, 0.0, 1.0, 0.0,
            -2.4026374816894531e+02, 0.0, 0.0, 0.0,
            9.9640068207290187e+02, 0.0, 0.0, 1.8349335077335394e-01,
            0.0 ]
    }
}
